Media: 2.6666666666666665 Max: 3 Min: 2	Media: 3.4285714285714284 Max: 4 Min: 2	Media: 3.0 Max: 5 Min: 1	Media: 5.5 Max: 7 Min: 5	Media: 5.0 Max: 7 Min: 3	Media: 5.2 Max: 7 Min: 3	Media: 4.666666666666667 Max: 7 Min: 2	Media: 2.0 Max: 2 Min: 2	Media: 4.0 Max: 4 Min: 4	Media: 2.0 Max: 2 Min: 2	Media: 4.0 Max: 4 Min: 4	Media: 3.0 Max: 3 Min: 3	Media: 11.106666666666667 Max: 14 Min: 9	Media: 3.0 Max: 3 Min: 3	Media: 6.0 Max: 6 Min: 6	Media: 6.0 Max: 6 Min: 6	Media: 5.142857142857143 Max: 6 Min: 4	Media: 3.0 Max: 3 Min: 3	Media: 4.714285714285714 Max: 6 Min: 1	Media: 2.0 Max: 3 Min: 1	Media: 4.0 Max: 4 Min: 4	Media: 4.0 Max: 4 Min: 4	Media: 5.0 Max: 5 Min: 5	Media: 4.0 Max: 4 Min: 4	Media: 5.0 Max: 5 Min: 5	Media: 5.0 Max: 5 Min: 5	Media: 2.0 Max: 3 Min: 1	Media: 3.5714285714285716 Max: 5 Min: 2	Media: 5.0 Max: 5 Min: 5	Media: 6.0 Max: 8 Min: 4	Media: 12.0 Max: 15 Min: 9	
Media: 2.6666666666666665 Max: 3 Min: 2	Media: 3.4285714285714284 Max: 4 Min: 2	Media: 3.0 Max: 5 Min: 1	Media: 5.5 Max: 7 Min: 5	Media: 5.0 Max: 7 Min: 3	Media: 5.2 Max: 7 Min: 3	Media: 4.666666666666667 Max: 7 Min: 2	Media: 2.0 Max: 2 Min: 2	Media: 4.0 Max: 4 Min: 4	Media: 2.0 Max: 2 Min: 2	Media: 4.0 Max: 4 Min: 4	Media: 3.0 Max: 3 Min: 3	Media: 11.106666666666667 Max: 14 Min: 9	Media: 3.0 Max: 3 Min: 3	Media: 6.0 Max: 6 Min: 6	Media: 6.0 Max: 6 Min: 6	Media: 5.142857142857143 Max: 6 Min: 4	Media: 3.0 Max: 3 Min: 3	Media: 4.714285714285714 Max: 6 Min: 1	Media: 2.0 Max: 3 Min: 1	Media: 4.0 Max: 4 Min: 4	Media: 4.0 Max: 4 Min: 4	Media: 5.0 Max: 5 Min: 5	Media: 4.0 Max: 4 Min: 4	Media: 5.0 Max: 5 Min: 5	Media: 5.0 Max: 5 Min: 5	Media: 2.0 Max: 3 Min: 1	Media: 3.5714285714285716 Max: 5 Min: 2	Media: 5.0 Max: 5 Min: 5	Media: 6.0 Max: 8 Min: 4	Media: 12.0 Max: 15 Min: 9	
Media: 2.6666666666666665 Max: 3 Min: 2	Media: 3.4285714285714284 Max: 4 Min: 2	Media: 3.0 Max: 5 Min: 1	Media: 5.5 Max: 7 Min: 5	Media: 5.0 Max: 7 Min: 3	Media: 5.2 Max: 7 Min: 3	Media: 4.666666666666667 Max: 7 Min: 2	Media: 2.0 Max: 2 Min: 2	Media: 4.0 Max: 4 Min: 4	Media: 2.0 Max: 2 Min: 2	Media: 4.0 Max: 4 Min: 4	Media: 3.0 Max: 3 Min: 3	Media: 11.106666666666667 Max: 14 Min: 9	Media: 3.0 Max: 3 Min: 3	Media: 6.0 Max: 6 Min: 6	Media: 6.0 Max: 6 Min: 6	Media: 5.142857142857143 Max: 6 Min: 4	Media: 3.0 Max: 3 Min: 3	Media: 4.714285714285714 Max: 6 Min: 1	Media: 2.0 Max: 3 Min: 1	Media: 4.0 Max: 4 Min: 4	Media: 4.0 Max: 4 Min: 4	Media: 5.0 Max: 5 Min: 5	Media: 4.0 Max: 4 Min: 4	Media: 5.0 Max: 5 Min: 5	Media: 5.0 Max: 5 Min: 5	Media: 2.0 Max: 3 Min: 1	Media: 3.5714285714285716 Max: 5 Min: 2	Media: 5.0 Max: 5 Min: 5	Media: 6.0 Max: 8 Min: 4	Media: 12.0 Max: 15 Min: 9	
Media: 2.6666666666666665 Max: 3 Min: 2	Media: 3.4285714285714284 Max: 4 Min: 2	Media: 3.0 Max: 5 Min: 1	Media: 5.5 Max: 7 Min: 5	Media: 5.0 Max: 7 Min: 3	Media: 5.2 Max: 7 Min: 3	Media: 4.666666666666667 Max: 7 Min: 2	Media: 2.0 Max: 2 Min: 2	Media: 4.0 Max: 4 Min: 4	Media: 2.0 Max: 2 Min: 2	Media: 4.0 Max: 4 Min: 4	Media: 3.0 Max: 3 Min: 3	Media: 11.106666666666667 Max: 14 Min: 9	Media: 3.0 Max: 3 Min: 3	Media: 6.0 Max: 6 Min: 6	Media: 6.0 Max: 6 Min: 6	Media: 5.142857142857143 Max: 6 Min: 4	Media: 3.0 Max: 3 Min: 3	Media: 4.714285714285714 Max: 6 Min: 1	Media: 2.0 Max: 3 Min: 1	Media: 4.0 Max: 4 Min: 4	Media: 4.0 Max: 4 Min: 4	Media: 5.0 Max: 5 Min: 5	Media: 4.0 Max: 4 Min: 4	Media: 5.0 Max: 5 Min: 5	Media: 5.0 Max: 5 Min: 5	Media: 2.0 Max: 3 Min: 1	Media: 3.5714285714285716 Max: 5 Min: 2	Media: 5.0 Max: 5 Min: 5	Media: 6.0 Max: 8 Min: 4	Media: 12.0 Max: 15 Min: 9	
