BIGGEST	SMALLEST	RANDOM	SIMILARITY
Media: 12.130872483221477 Max: 39 Min: 0	Media: 12.130872483221477 Max: 39 Min: 0	Media: 12.130872483221477 Max: 39 Min: 0	Media: 12.130872483221477 Max: 39 Min: 0	
Media: 12.130872483221477 Max: 39 Min: 0	Media: 12.130872483221477 Max: 39 Min: 0	Media: 12.130872483221477 Max: 39 Min: 0	Media: 12.130872483221477 Max: 39 Min: 0	
Media: 12.130872483221477 Max: 39 Min: 0	Media: 12.130872483221477 Max: 39 Min: 0	Media: 12.130872483221477 Max: 39 Min: 0	Media: 12.130872483221477 Max: 39 Min: 0	
Media: 12.130872483221477 Max: 39 Min: 0	Media: 12.130872483221477 Max: 39 Min: 0	Media: 12.130872483221477 Max: 39 Min: 0	Media: 12.130872483221477 Max: 39 Min: 0	
